{
    "fiducials": [
        {
            "family": "apriltag3_36h11_classic",
            "id": 1,
            "size": 165.1,
            "transform": [
                -0.9977173808606192,
                -0.02833769523702978,
                0.061294395806459685,
                3.580415520207101,
                0.030458201135443827,
                -0.9989595723249971,
                0.033942169109403675,
                3.3341357271562524,
                0.06026878057683407,
                0.03573160910051111,
                0.9975424433069852,
                0.7301061292686644,
                0.0,
                0.0,
                0.0,
                1.0
            ],
            "unique": true
        },
        {
            "family": "apriltag3_36h11_classic",
            "id": 2,
            "size": 165.1,
            "transform": [
                0.1839038776171732,
                -0.9820403285859867,
                -0.042144475653349014,
                3.332844736310312,
                0.9783711150319498,
                0.17874886944970492,
                0.1041095718058243,
                0.5586097544701039,
                -0.09470652072855128,
                -0.06037909158955855,
                0.9936725014965002,
                1.1064512464482332,
                0.0,
                0.0,
                0.0,
                1.0
            ],
            "unique": true
        },
        {
            "family": "apriltag3_36h11_classic",
            "id": 3,
            "size": 165.1,
            "transform": [
                -0.9861913274824936,
                0.12513738830176055,
                0.10847718491615525,
                3.089772324682663,
                -0.11998599742932821,
                -0.9913701687004588,
                0.052806713888625435,
                0.45600820970733125,
                0.11414913937130049,
                0.03906178003932113,
                0.9926953970483349,
                1.0848024413965558,
                0.0,
                0.0,
                0.0,
                1.0
            ],
            "unique": true
        },
        {
            "family": "apriltag3_36h11_classic",
            "id": 4,
            "size": 165.1,
            "transform": [
                -0.9950188082964786,
                -0.037512292949955776,
                0.0923601592348953,
                3.0740092124814495,
                0.04165180246346805,
                -0.9981931974481328,
                0.043306672924852435,
                0.06775203723915268,
                0.0905687500620537,
                0.046937921192918286,
                0.994783460390393,
                1.1051166660029474,
                0.0,
                0.0,
                0.0,
                1.0
            ],
            "unique": true
        },
        {
            "family": "apriltag3_36h11_classic",
            "id": 5,
            "size": 165.1,
            "transform": [
                0.12619596501767993,
                0.9919359977757434,
                0.011728372858017526,
                3.609834674296362,
                -0.9916039364099454,
                0.12579978787390855,
                0.029934038604575858,
                -0.595476723987447,
                0.028217223633042868,
                -0.015407455582274673,
                0.9994830656909216,
                1.1273305014558272,
                0.0,
                0.0,
                0.0,
                1.0
            ],
            "unique": true
        },
        {
            "family": "apriltag3_36h11_classic",
            "id": 6,
            "size": 165.1,
            "transform": [
                -0.9662184923726733,
                0.1685527976192683,
                0.1949660981088606,
                3.91028715944892,
                -0.15211064307593578,
                -0.9836370065949,
                0.09654321063672755,
                -3.3100026094918844,
                0.2080484973752542,
                0.06362541686889167,
                0.9760469399922109,
                1.0376745644843974,
                0.0,
                0.0,
                0.0,
                1.0
            ],
            "unique": true
        },
        {
            "family": "apriltag3_36h11_classic",
            "id": 7,
            "size": 165.1,
            "transform": [
                0.7774935049765291,
                -0.625779137352367,
                0.062484565885019244,
                5.836699101062202,
                0.6197737256959438,
                0.7792874217340734,
                0.09269111750340159,
                -0.6951780146805384,
                -0.10669760379821502,
                -0.03334044963085897,
                0.9937323763278176,
                0.8277581634012081,
                0.0,
                0.0,
                0.0,
                1.0
            ],
            "unique": true
        },
        {
            "family": "apriltag3_36h11_classic",
            "id": 8,
            "size": 165.1,
            "transform": [
                0.10803705393672591,
                0.9940536470861469,
                0.013614025539968759,
                3.891449749143785,
                -0.9938372958070435,
                0.10765156240582563,
                0.02643048570359005,
                -0.5361124954491565,
                0.02480774958790151,
                -0.0163855981372232,
                0.9995579461612365,
                1.1207210143517983,
                0.0,
                0.0,
                0.0,
                1.0
            ],
            "unique": true
        },
        {
            "family": "apriltag3_36h11_classic",
            "id": 9,
            "size": 165.1,
            "transform": [
                0.9986662040613493,
                -0.05157193489931512,
                -0.002479596022779944,
                4.168784052188396,
                0.05158995020425944,
                0.998637473213334,
                0.007853287974451971,
                -0.2729690165122127,
                0.0020712082506147843,
                -0.007970735526188488,
                0.9999660881607707,
                1.1172716076845628,
                0.0,
                0.0,
                0.0,
                1.0
            ],
            "unique": true
        },
        {
            "family": "apriltag3_36h11_classic",
            "id": 10,
            "size": 165.1,
            "transform": [
                1.0,
                0.0,
                0.0,
                4.246156599999999,
                0.0,
                1.0,
                0.0,
                -0.0001465999999998857,
                0.0,
                0.0,
                1.0,
                1.12395,
                0.0,
                0.0,
                0.0,
                1.0
            ],
            "unique": true
        },
        {
            "family": "apriltag3_36h11_classic",
            "id": 11,
            "size": 165.1,
            "transform": [
                0.15438587312732288,
                -0.9870094183014458,
                -0.044468082519443744,
                3.5709742189200178,
                0.9847120301068805,
                0.15003980158237284,
                0.088488845081788,
                0.5791367376074463,
                -0.08066734123237639,
                -0.05744968342266199,
                0.9950840738013724,
                1.1200954614325997,
                0.0,
                0.0,
                0.0,
                1.0
            ],
            "unique": true
        },
        {
            "family": "apriltag3_36h11_classic",
            "id": 12,
            "size": 165.1,
            "transform": [
                0.9872706976819479,
                0.152479547274443,
                -0.04523888992427649,
                4.535291947650936,
                -0.15305570666275906,
                0.9881715371570376,
                -0.009537494988767036,
                2.410700829425938,
                0.04324951047773086,
                0.016340159597697024,
                0.998930667778179,
                0.9926413911011507,
                0.0,
                0.0,
                0.0,
                1.0
            ],
            "unique": true
        },
        {
            "family": "apriltag3_36h11_classic",
            "id": 13,
            "size": 165.1,
            "transform": [
                -0.998971792346214,
                0.001969165140500397,
                0.04529327196438888,
                6.294125491193702,
                -0.0004530611745718903,
                -0.9994399886158707,
                0.03345898819567368,
                2.8242289677118126,
                0.04533379348965574,
                0.03340406478492659,
                0.9984132489223496,
                0.5038669396035877,
                0.0,
                0.0,
                0.0,
                1.0
            ],
            "unique": true
        },
        {
            "family": "apriltag3_36h11_classic",
            "id": 14,
            "size": 165.1,
            "transform": [
                -0.9873540964874408,
                0.12133363314827682,
                0.10202959186682167,
                6.293236991696038,
                -0.11601022138514076,
                -0.9916337679543539,
                0.05660475940080126,
                2.463117072841632,
                0.10804404973732451,
                0.044052465534761526,
                0.9931696046480013,
                0.5177430592628972,
                0.0,
                0.0,
                0.0,
                1.0
            ],
            "unique": true
        },
        {
            "family": "apriltag3_36h11_classic",
            "id": 15,
            "size": 165.1,
            "transform": [
                -0.7498827153775875,
                0.5759903661686369,
                0.32543971985431597,
                6.62975344751672,
                -0.5560456714861618,
                -0.8152727653780827,
                0.16168960774977817,
                0.1863936637571646,
                0.35845379674295474,
                -0.05971110544692081,
                0.9316359050009114,
                0.5548537047229778,
                0.0,
                0.0,
                0.0,
                1.0
            ],
            "unique": true
        },
        {
            "family": "apriltag3_36h11_classic",
            "id": 16,
            "size": 165.1,
            "transform": [
                -0.8355404847936938,
                0.4951878671337888,
                0.23803586812538877,
                6.528572211439725,
                -0.48246342564047173,
                -0.8685523594459659,
                0.11333949805829374,
                -0.5145922171603612,
                0.26287095919857595,
                -0.020143861207177954,
                0.9646206941931562,
                0.592102688299214,
                0.0,
                0.0,
                0.0,
                1.0
            ],
            "unique": true
        },
        {
            "family": "apriltag3_36h11_classic",
            "id": 17,
            "size": 165.1,
            "transform": [
                0.7846449232387857,
                -0.6173892616018324,
                0.05623916868468332,
                -0.24204124844442987,
                0.6156192113620746,
                0.7866550788675934,
                0.04676295001128171,
                -5.061435013051714,
                -0.07311177085488606,
                -0.002070398648697871,
                0.9973216043041974,
                1.0951553771893647,
                0.0,
                0.0,
                0.0,
                1.0
            ],
            "unique": true
        },
        {
            "family": "apriltag3_36h11_classic",
            "id": 18,
            "size": 165.1,
            "transform": [
                -2.220446049250313e-16,
                1.0,
                -0.0,
                -3.6474014000000006,
                -1.0,
                -2.220446049250313e-16,
                0.0,
                -0.6035489999999997,
                0.0,
                0.0,
                1.0,
                1.12395,
                0.0,
                0.0,
                0.0,
                1.0
            ],
            "unique": true
        },
        {
            "family": "apriltag3_36h11_classic",
            "id": 19,
            "size": 165.1,
            "transform": [
                0.8312244140791072,
                -0.5492603717886794,
                0.08590120733381228,
                -1.5216117114923122,
                0.5475862579258776,
                0.8355867055228291,
                0.04409249011157279,
                -2.1470921050567386,
                -0.09599616434826481,
                0.010387566416956293,
                0.9953275013252443,
                1.3467209787663186,
                0.0,
                0.0,
                0.0,
                1.0
            ],
            "unique": true
        },
        {
            "family": "apriltag3_36h11_classic",
            "id": 20,
            "size": 165.1,
            "transform": [
                0.9077391649976468,
                -0.41163899002345355,
                0.08101203751200213,
                -1.5324609644593776,
                0.4098570312143281,
                0.9113456648322322,
                0.038292207505886244,
                -1.8455094100082525,
                -0.08959253480928085,
                -0.0015559832800168295,
                0.9959772872021129,
                1.3628579204718658,
                0.0,
                0.0,
                0.0,
                1.0
            ],
            "unique": true
        },
        {
            "family": "apriltag3_36h11_classic",
            "id": 21,
            "size": 165.1,
            "transform": [
                -2.220446049250313e-16,
                -1.0000000000000002,
                0.0,
                -3.6474014000000006,
                1.0000000000000002,
                -2.220446049250313e-16,
                0.0,
                0.6032558000000003,
                0.0,
                0.0,
                1.0,
                1.12395,
                0.0,
                0.0,
                0.0,
                1.0
            ],
            "unique": true
        },
        {
            "family": "apriltag3_36h11_classic",
            "id": 22,
            "size": 165.1,
            "transform": [
                0.9983720578246364,
                -0.035082192211496964,
                0.04497192395969126,
                -1.5277331837940054,
                0.03513840437188085,
                0.9993823498223491,
                -0.0004597844691339218,
                0.7799404783788768,
                -0.04492801679574624,
                0.00203927761608215,
                0.998988145401939,
                1.1478603654950847,
                0.0,
                0.0,
                0.0,
                1.0
            ],
            "unique": true
        },
        {
            "family": "apriltag3_36h11_classic",
            "id": 23,
            "size": 165.1,
            "transform": [
                -1.0,
                -1.2246467991473532e-16,
                0.0,
                -3.6848410000000005,
                1.2246467991473532e-16,
                -1.0,
                0.0,
                3.3899913999999995,
                0.0,
                0.0,
                1.0,
                0.889,
                0.0,
                0.0,
                0.0,
                1.0
            ],
            "unique": true
        },
        {
            "family": "apriltag3_36h11_classic",
            "id": 24,
            "size": 165.1,
            "transform": [
                -2.220446049250313e-16,
                -1.0000000000000002,
                0.0,
                -4.0030014000000005,
                1.0000000000000002,
                -2.220446049250313e-16,
                0.0,
                0.6032558000000003,
                0.0,
                0.0,
                1.0,
                1.12395,
                0.0,
                0.0,
                0.0,
                1.0
            ],
            "unique": true
        },
        {
            "family": "apriltag3_36h11_classic",
            "id": 25,
            "size": 165.1,
            "transform": [
                -1.0,
                -1.2246467991473532e-16,
                0.0,
                -4.251134,
                1.2246467991473532e-16,
                -1.0,
                0.0,
                0.35545340000000003,
                0.0,
                0.0,
                1.0,
                1.12395,
                0.0,
                0.0,
                0.0,
                1.0
            ],
            "unique": true
        },
        {
            "family": "apriltag3_36h11_classic",
            "id": 26,
            "size": 165.1,
            "transform": [
                -1.0,
                -1.2246467991473532e-16,
                0.0,
                -4.251134,
                1.2246467991473532e-16,
                -1.0,
                0.0,
                -0.0001465999999998857,
                0.0,
                0.0,
                1.0,
                1.12395,
                0.0,
                0.0,
                0.0,
                1.0
            ],
            "unique": true
        },
        {
            "family": "apriltag3_36h11_classic",
            "id": 27,
            "size": 165.1,
            "transform": [
                -2.220446049250313e-16,
                1.0,
                -0.0,
                -4.0030014000000005,
                -1.0,
                -2.220446049250313e-16,
                0.0,
                -0.6035489999999997,
                0.0,
                0.0,
                1.0,
                1.12395,
                0.0,
                0.0,
                0.0,
                1.0
            ],
            "unique": true
        },
        {
            "family": "apriltag3_36h11_classic",
            "id": 28,
            "size": 165.1,
            "transform": [
                -1.0,
                -1.2246467991473532e-16,
                0.0,
                -3.6848410000000005,
                1.2246467991473532e-16,
                -1.0,
                0.0,
                -3.3902845999999998,
                0.0,
                0.0,
                1.0,
                0.889,
                0.0,
                0.0,
                0.0,
                1.0
            ],
            "unique": true
        },
        {
            "family": "apriltag3_36h11_classic",
            "id": 29,
            "size": 165.1,
            "transform": [
                1.0,
                0.0,
                0.0,
                -8.2453094,
                0.0,
                1.0,
                0.0,
                -3.3707266,
                0.0,
                0.0,
                1.0,
                0.55245,
                0.0,
                0.0,
                0.0,
                1.0
            ],
            "unique": true
        },
        {
            "family": "apriltag3_36h11_classic",
            "id": 30,
            "size": 165.1,
            "transform": [
                1.0,
                0.0,
                0.0,
                -8.2453094,
                0.0,
                1.0,
                0.0,
                -2.9389265999999994,
                0.0,
                0.0,
                1.0,
                0.55245,
                0.0,
                0.0,
                0.0,
                1.0
            ],
            "unique": true
        },
        {
            "family": "apriltag3_36h11_classic",
            "id": 31,
            "size": 165.1,
            "transform": [
                1.0,
                0.0,
                0.0,
                -8.244953800000001,
                0.0,
                1.0,
                0.0,
                -0.29130679999999964,
                0.0,
                0.0,
                1.0,
                0.55245,
                0.0,
                0.0,
                0.0,
                1.0
            ],
            "unique": true
        },
        {
            "family": "apriltag3_36h11_classic",
            "id": 32,
            "size": 165.1,
            "transform": [
                1.0,
                0.0,
                0.0,
                -8.244953800000001,
                0.0,
                1.0,
                0.0,
                0.14049319999999987,
                0.0,
                0.0,
                1.0,
                0.55245,
                0.0,
                0.0,
                0.0,
                1.0
            ],
            "unique": true
        }
    ],
    "type": "frc"
}